94 121
350 431
388 517
387 523
231 286
134 175
94 121
350 431
388 517
94 121
350 431
94 121
350 431
388 517
387 523
387 523
134 175
94 121
94 121
94 121
350 431
388 517
387 523
231 286
134 175
94 121
350 431
388 517
387 523
231 286
134 175
94 121
350 431
388 517
387 523
231 286
134 175
1 175
1 517
1 517
1 517
1 517
0 517
0 517
0 517
0 517
0 517
0 517
0 517
0 517
1 517
1 517
1 517
110 121
381 431
435 517
145 175
1 175
1 175
0 175
0 175
1 175
157 175
113 121
404 431
1 431
1 431
1 431
1 431
1 431
1 431
1 431
1 431
1 431
1 431
1 431
1 431
2 431
2 431
2 431
1 431
1 431
1 431
1 431
1 431
1 431
1 431
1 431
1 431
1 431
1 431
1 431
1 431
1 431
1 431
1 431
1 431
1 431
1 431
1 431
1 431
1 431
1 431
1 431
1 431
1 431
1 431
1 431
1 431
1 431
1 431
1 431
1 431
1 431
1 431
1 431
1 431
1 431
1 431
1 431
1 431
0 431
0 431
0 431
0 431
1 431
1 431
0 121
116 121
409 431
1 431
1 431
1 431
2 431
1 431
1 431
1 431
477 517
1 517
1 517
0 517
1 517
479 523
479 523
0 523
0 523
1 523
0 523
0 523
0 523
1 523
1 523
1 523
1 523
1 523
0 523
0 523
268 286
268 286
268 286
1 286
268 286
162 175
116 121
83 121
93 121
93 121
115 121
45 121
45 121
81 121
100 121
137 175
361 431
0 431
0 431
1 431
1 431
361 431
417 517
406 523
229 286
229 286
229 286
100 121
100 121
137 175
137 175
137 175
