1.6803 1003
79.7407 3366
121.978 3559
94.6353 3538
23.7605 2372
3.77289 1264
0.00295277 13
0.000759327 6
0.000288344 3
0.00141678 9
0.00126978 13
4.2167e-05 6
6.9262e-05 6
4.4541e-05 6
2.6012e-05 6
4.6876e-05 6
6.3176e-05 6
0.000120054 6
8.3757e-05 6
0.000478291 6
0.000880424 6
0.000373886 3
3.70981 1003
262.252 3366
411.344 3559
12.6484 1264
0.00134331 12
0.000781494 8
2.6046e-05 4
5.4017e-05 4
0.00125451 4
23.1863 1264
8.36855 1003
619.189 3366
0.00104837 12
0.00156053 13
0.000245945 4
0.000420974 5
0.0029239 16
0.000242943 6
0.00139231 13
0.00126902 7
0.000360693 9
0.00114029 12
0.00187609 14
0.00199029 11
0.00254348 8
0.00204139 8
0.000997098 8
0.00132856 13
0.000849656 7
0.00225743 13
0.00187124 11
0.000656241 8
0.0023503 13
0.0013508 14
0.00166327 15
0.00201501 15
0.000400925 6
0.00231496 12
0.00128849 13
0.00109216 13
0.000892984 13
0.00186595 14
0.00132579 15
0.000118655 3
0.00272763 15
0.00242764 13
0.00100686 13
0.00147673 12
0.000901335 12
0.00154372 15
0.00147876 4
0.000427553 7
0.000214011 7
0.000342184 7
0.00349908 14
0.002223 13
0.00247525 14
0.000389334 6
0.000736378 13
0.000985024 12
0.00113449 12
0.000482369 6
0.00173237 16
0.00198802 15
0.00270328 16
0.000532756 7
0.000741442 7
0.000258099 4
2.6558e-05 4
8.5472e-05 4
5.0333e-05 4
7.7844e-05 4
0.000183935 4
0.000250564 4
0.000538093 0
10.0965 1003
792.404 3366
0.000208267 3
0.0026355 11
0.000192988 3
0.00224827 14
0.00165255 3
0.00214019 11
0.000359217 3
1181.77 3559
0.000253678 4
0.000313252 4
2.9737e-05 0
0.000372577 4
974.688 3538
733.14 3538
0.00018222 5
0.000215616 5
0.000401776 6
0.000363615 5
0.000291623 5
0.000336608 5
0.000355915 5
0.000304552 5
0.000944929 6
0.00121049 7
0.00116203 7
2.7526e-05 3
5.1477e-05 3
216.863 2372
204.931 2372
215.137 2372
0.000217549 3
210.863 2372
24.8286 1264
9.27694 1003
1.7437 1003
1.68981 1003
1.71871 1003
7.36978 1003
7.26802 1003
7.78748 1003
7.45444 1003
7.6192 1003
21.9122 1264
596.073 3366
0.000146248 3
0.000165999 3
0.000313533 3
0.000300383 3
579.424 3366
855.232 3559
723.954 3538
176.105 2372
167.447 2372
210.848 2372
